Run semi-empirical minimization
 &qmmm
    qm_theory='AM1', grms_tol=0.0005,
 scfconv=1.d-10, ndiis_attempts=700,   qmcharge=0,
 /
   6     C        0.6590        0.4410       -1.5370 
   1     H       -0.2590        0.8500       -2.0190 
   1    H1        1.3170        1.2820       -1.2190 
   6    C1       -4.0690       -0.0240        8.0270 
   6    C2        0.2780       -0.4040       -0.3310 
   1    H2        1.1970       -0.8140        0.1500 
   1    H3       -0.3790       -1.2460       -0.6510 
   6    C3       -4.8050        0.9240        8.9700 
   6    C4        1.7420        0.3290       -3.6100 
   1    H4        0.8400        0.7370       -4.1220 
   1    H5        2.4160        1.1690       -3.3220 
   8     O       -3.6810        0.6900        6.8790 
   6    C5        2.4750       -0.6310       -4.5340 
   1    H6        3.3760       -1.0380       -4.0200 
   1    H7        1.8000       -1.4710       -4.8210 
   6    C6        3.5590       -0.7520       -6.6040 
   1    H8        4.4740       -1.1610       -6.1180 
   1    H9        2.8990       -1.5940       -6.9170 
   6    C7        3.9480        0.0840       -7.8230 
   1   H10        3.0300        0.5120       -8.2910 
   1   H11        4.5880        0.9400       -7.5000 
   8    O1        1.3480       -0.3710       -2.4550 
   8    O2        2.8700        0.0670       -5.6910 
   6    C8        4.7060       -0.7500       -8.8650 
   1   H12        4.9840       -0.1300       -9.7480 
   1   H13        5.6440       -1.1710       -8.4370 
   1   H14        4.0830       -1.5990       -9.2290 
   6    C9       -0.8020       -0.3040        1.7420 
   1   H15       -1.4740       -1.1440        1.4500 
   1   H16        0.1020       -0.7130        2.2500 
   6   C10       -1.5360        0.6460        2.6760 
   1   H17       -0.8630        1.4850        2.9690 
   1   H18       -2.4400        1.0540        2.1680 
   8    O3       -0.4110        0.4040        0.5910 
   6   C11       -2.6140        0.7390        4.7510 
   1   H19       -1.9570        1.5790        5.0740 
   1   H20       -3.5340        1.1500        4.2730 
   8    O4       -1.9250       -0.0650        3.8250 
   6   C12       -2.9920       -0.1140        5.9530 
   1   H21       -3.6490       -0.9550        5.6300 
   1   H22       -2.0720       -0.5260        6.4300 
   1   H23       -4.7430       -0.8630        7.7350 
   1   H24       -3.1650       -0.4340        8.5350 
   1   H25       -5.1300        0.3940        9.8940 
   1   H26       -4.1520        1.7730        9.2760 
   1   H27       -5.7140        1.3480        8.4830 

