Run semi-empirical minimization
 &qmmm
    qm_theory='AM1', grms_tol=0.0005,
 scfconv=1.d-10, ndiis_attempts=700,   qmcharge=0,
 /
   8     O        0.7420        0.3380        1.1220 
   6     C        1.9100        0.0390        1.8860 
   6    C1        1.9700        0.9610        3.1180 
   1     H        2.7980        0.1880        1.2650 
   1    H1        1.8730       -1.0060        2.2060 
   6    C2        3.2230        0.6730        3.9710 
   1    H2        1.0720        0.8130        3.7250 
   1    H3        1.9800        2.0040        2.7930 
   6    C3        3.2740        1.5960        5.2070 
   1    H4        4.1200        0.8240        3.3640 
   1    H5        3.2130       -0.3710        4.2940 
   6    C4        4.5240        1.3260        6.0750 
   1    H6        2.3760        1.4440        5.8100 
   1    H7        3.2800        2.6390        4.8800 
   6    C5        4.5920        2.2290        7.2930 
   1    H8        5.4280        1.4730        5.4790 
   1    H9        4.5240        0.2850        6.4090 
   8    O1        5.6740        1.9610        8.0580 
   6    C6        5.8740        2.7510        9.2550 
   6    C7        7.1470        2.2680        9.9720 
   1   H10        5.0060        2.6300        9.9100 
   1   H11        5.9750        3.8040        8.9740 
   6    C8        7.3910        3.0880       11.2560 
   1   H12        8.0040        2.3680        9.3000 
   1   H13        7.0430        1.2090       10.2220 
   6    C9        8.6520        2.6070       12.0050 
   1   H14        6.5220        2.9990       11.9130 
   1   H15        7.5020        4.1440       10.9960 
   6   C10        8.8870        3.4320       13.2920 
   1   H16        9.5230        2.6970       11.3520 
   1   H17        8.5400        1.5510       12.2660 
   6   C11       10.1070        2.9810       14.0710 
   1   H18        8.0120        3.3560       13.9420 
   1   H19        9.0060        4.4870       13.0360 
   8    O2       10.2770        3.7160       15.1910 
   6   C12       11.3930        3.4080       16.0610 
   6   C13       11.3720        4.3800       17.2500 
   1   H20       12.3270        3.5180       15.5020 
   1   H21       11.2990        2.3770       16.4160 
   1   H22       11.4640        5.4110       16.9030 
   1   H23       12.2020        4.1670       17.9270 
   1   H24       10.4380        4.2820       17.8080 
   1   H25        0.8000        1.2600        0.8130 
   8    O3        3.7720        3.0930        7.5450 
   8    O4       10.8350        2.0660       13.7320 

