Run semi-empirical minimization
 &qmmm
    qm_theory='AM1', grms_tol=0.0005,
 scfconv=1.d-10, ndiis_attempts=700,   qmcharge=-1,
 /
   6     C       -8.0510       -0.8320        0.4710 
  16     S       -7.2280        1.0010       -0.1230 
   9     F       -7.2030       -1.6230        1.2040 
   9    F1       -8.4430       -1.6400       -0.5670 
   9    F2       -9.1700       -0.7170        1.2530 
   7     N       -6.1160        0.4880       -0.8940 
  16    S1       -5.0040       -0.0260       -1.6660 
   6    C1       -4.1830        1.8070       -2.2630 
   9    F3       -5.0320        2.5950       -2.9990 
   9    F4       -3.0630        1.6920       -3.0430 
   9    F5       -3.7950        2.6190       -1.2270 
   8     O       -8.3010        1.5520       -0.8080 
   8    O1       -3.9300       -0.5740       -0.9810 
   8    O2       -5.2720       -0.5990       -2.9000 
   8    O3       -6.9600        1.5710        1.1130 

