Run semi-empirical minimization
 &qmmm
    qm_theory='AM1', grms_tol=0.0005,
 scfconv=1.d-10, ndiis_attempts=700,   qmcharge=0,
 /
   6     C       10.4760       -0.1290       -0.0000 
   6    C1        9.0980        0.5570        0.0000 
   6    C2        7.9630       -0.4820        0.0000 
   8     O        6.6960        0.2190        0.0000 
   6    C3        5.5570       -0.5070       -0.0000 
   8    O1        5.5170       -1.7230       -0.0000 
   6    C4        4.3300        0.3860       -0.0000 
   6    C5        3.0060       -0.4100       -0.0000 
   6    C6        1.7850        0.5340       -0.0000 
   6    C7        0.4590       -0.2570       -0.0000 
   6    C8       -0.7450        0.7010        0.0000 
   8    O2       -1.9670       -0.0760        0.0000 
   6    C9       -3.1440        0.5870        0.0000 
   8    O3       -3.2470        1.8000        0.0000 
   6   C10       -4.3270       -0.3640        0.0000 
   6   C11       -5.6830        0.3770       -0.0000 
   6   C12       -6.8750       -0.6050       -0.0000 
   6   C13       -8.2160        0.1590        0.0000 
   6   C14       -9.4120       -0.8100        0.0000 
   8    O4      -10.6270       -0.0600       -0.0000 
   1     H       11.2710        0.6200       -0.0000 
   1    H1       10.5940       -0.7560        0.8870 
   1    H2       10.5940       -0.7560       -0.8870 
   1    H3        9.0100        1.1960        0.8820 
   1    H4        9.0100        1.1960       -0.8820 
   1    H5        8.0240       -1.1100       -0.8940 
   1    H6        8.0240       -1.1100        0.8940 
   1    H7        4.3710        1.0340        0.8790 
   1    H8        4.3710        1.0340       -0.8790 
   1    H9        2.9690       -1.0540       -0.8820 
   1   H10        2.9690       -1.0540        0.8820 
   1   H11        1.8230        1.1780        0.8820 
   1   H12        1.8230        1.1780       -0.8820 
   1   H13        0.4120       -0.9000       -0.8820 
   1   H14        0.4120       -0.9000        0.8820 
   1   H15       -0.7250        1.3330        0.8930 
   1   H16       -0.7250        1.3330       -0.8930 
   1   H17       -4.2580       -1.0100       -0.8790 
   1   H18       -4.2580       -1.0100        0.8790 
   1   H19       -5.7430        1.0200        0.8820 
   1   H20       -5.7430        1.0200       -0.8820 
   1   H21       -6.8200       -1.2470       -0.8830 
   1   H22       -6.8200       -1.2470        0.8830 
   1   H23       -8.2710        0.8030        0.8820 
   1   H24       -8.2710        0.8030       -0.8820 
   1   H25       -9.3760       -1.4440       -0.8910 
   1   H26       -9.3760       -1.4440        0.8910 
   1   H27      -11.3770       -0.6820       -0.0000 

