Run semi-empirical minimization
 &qmmm
    qm_theory='AM1', grms_tol=0.0005,
 scfconv=1.d-10, ndiis_attempts=700,   qmcharge=0,
 /
   6     C        0.8320        0.2830       -0.1290 
   6    C1        0.2920        0.4590        1.2740 
   8     O        1.0400        1.2280        2.1810 
   6    C2        2.4300        0.8140        2.1090 
   6    C3        2.8530       -0.7520        1.9790 
   8    O1        2.2370       -1.8120        1.2140 
   6    C4        0.8750       -2.2690        1.6490 
   6    C5        0.1030       -1.7740        3.1470 
   8    O2        0.8120       -1.0550        4.2470 
   6    C6        2.2570       -1.0820        4.6220 
   6    C7        3.3180       -2.4490        4.3160 
   8    O3        2.8400       -3.8040        3.8810 
   6    C8        1.4140       -4.0420        3.9120 
   6    C9        0.4110       -4.1580        5.1870 
   8    O4        0.5470       -3.2990        6.3490 
   6   C10        1.9110       -3.1570        6.6490 
   6   C11        2.7710       -4.4020        6.6740 
   1     H        0.6180        1.1940       -0.6690 
   1    H1        0.4160       -0.5910       -0.6430 
   1    H2        1.9130        0.1120       -0.1620 
   1    H3       -0.7660        0.2360        1.4500 
   1    H4        0.6550       -0.4040        1.7670 
   1    H5        2.8290        1.3150        1.2380 
   1    H6        2.8890        1.2890        2.9870 
   1    H7        3.9170       -0.8860        2.2330 
   1    H8        2.3840       -1.1940        2.8080 
   1    H9        0.2040       -1.8200        0.9280 
   1   H10        0.6500       -3.2650        1.2370 
   1   H11       -0.9310       -1.3970        3.0080 
   1   H12       -0.3260       -2.6770        3.5720 
   1   H13        2.7320       -0.2260        4.1520 
   1   H14        2.4380       -0.5930        5.6010 
   1   H15        4.3370       -2.2600        3.9460 
   1   H16        3.7110       -2.6150        5.3110 
   1   H17        1.3260       -3.0340        3.6320 
   1   H18        0.9840       -4.5520        3.0340 
   1   H19       -0.6400       -4.0330        4.8910 
   1   H20        0.5100       -5.1660        5.5670 
   1   H21        2.0510       -2.8050        5.6610 
   1   H22        2.3000       -2.2530        7.1320 
   1   H23        2.5490       -5.1020        5.8630 
   1   H24        3.8400       -4.1900        6.5470 
   1   H25        2.5800       -4.9020        7.6130 

