Run semi-empirical minimization
 &qmmm
    qm_theory='AM1', grms_tol=0.0005,
 scfconv=1.d-10, ndiis_attempts=700,   qmcharge=0,
 /
   6     C        0.8350        0.0180        0.0240 
   8     O        2.2560        0.0120        0.0080 
   6    C1        2.7590       -0.3660       -1.2730 
   6    C2        4.2820       -0.3580       -1.2420 
   8    O1        4.7760       -0.7360       -2.5260 
   6    C3        6.2020       -0.7430       -2.5500 
   6    C4        6.6770       -1.1510       -3.9370 
   8    O2        8.1030       -1.1550       -3.9580 
   6    C5        8.5990       -1.5320       -5.2400 
   6    C6       10.1200       -1.5200       -5.2100 
   8    O3       10.6100       -1.8940       -6.4960 
   6    C7       12.0360       -1.8860       -6.5280 
   6    C8       12.5000       -2.2810       -7.9230 
   8    O4       13.9200       -2.2110       -7.9770 
   6    C9       14.4230       -2.6790       -9.2320 
   6   C10       15.9470       -2.6620       -9.1910 
   8    O5       16.3970       -3.6580       -8.2670 
   6   C11       17.8120       -3.6390       -8.1230 
   6   C12       18.2150       -4.6350       -7.0440 
   8    O6       19.6380       -4.6600       -6.9460 
   6   C13       20.0710       -5.5850       -5.9530 
   6   C14       21.5920       -5.5760       -5.9020 
   8    O7       22.0320       -6.5030       -4.9120 
   6   C15       23.4550       -6.5300       -4.8260 
   6   C16       23.8700       -7.5310       -3.7570 
   8    O8       25.2920       -7.5590       -3.6680 
   6   C17       25.7310       -8.4850       -2.6760 
   6   C18       27.2530       -8.4750       -2.6230 
   8    O9       27.7000       -9.4010       -1.6340 
   6   C19       29.1180       -9.4230       -1.5500 
   1     H        0.5040        0.3120        1.0230 
   1    H1        0.4460       -0.9820       -0.1940 
   1    H2        0.4470        0.7400       -0.7010 
   1    H3        2.4000        0.3310       -2.0400 
   1    H4        2.3990       -1.3680       -1.5380 
   1    H5        4.6430       -1.0560       -0.4780 
   1    H6        4.6440        0.6440       -0.9790 
   1    H7        6.5890       -1.4470       -1.8030 
   1    H8        6.5880        0.2530       -2.3030 
   1    H9        6.2910       -0.4480       -4.6850 
   1   H10        6.2930       -2.1480       -4.1840 
   1   H11        8.2370       -0.8340       -6.0050 
   1   H12        8.2400       -2.5340       -5.5050 
   1   H13       10.4850       -2.2190       -4.4480 
   1   H14       10.4790       -0.5180       -4.9460 
   1   H15       12.4350       -2.5920       -5.7890 
   1   H16       12.4150       -0.8890       -6.2760 
   1   H17       12.0650       -1.6070       -8.6710 
   1   H18       12.1560       -3.2970       -8.1500 
   1   H19       14.0640       -2.0170      -10.0280 
   1   H20       14.0640       -3.6990       -9.4090 
   1   H21       16.3020       -1.6790       -8.8640 
   1   H22       16.3500       -2.8910      -10.1830 
   1   H23       18.1570       -2.6360       -7.8440 
   1   H24       18.2860       -3.9040       -9.0750 
   1   H25       17.8360       -5.6330       -7.2950 
   1   H26       17.7760       -4.3410       -6.0830 
   1   H27       19.7120       -6.5930       -6.1920 
   1   H28       19.6630       -5.3070       -4.9730 
   1   H29       21.9500       -4.5680       -5.6610 
   1   H30       21.9980       -5.8500       -6.8830 
   1   H31       23.8370       -5.5340       -4.5730 
   1   H32       23.8860       -6.8180       -5.7930 
   1   H33       23.4880       -8.5270       -4.0130 
   1   H34       23.4360       -7.2440       -2.7920 
   1   H35       25.3730       -9.4930       -2.9180 
   1   H36       25.3220       -8.2100       -1.6960 
   1   H37       27.6080       -7.4660       -2.3830 
   1   H38       27.6590       -8.7470       -3.6050 
   1   H39       29.4070      -10.1450       -0.7820 
   1   H40       29.5010       -8.4380       -1.2670 
   1   H41       29.5530       -9.7360       -2.5050 

