Run semi-empirical minimization
 &qmmm
    qm_theory='AM1', grms_tol=0.0005,
 scfconv=1.d-10, ndiis_attempts=700,   qmcharge=0,
 /
   6     C        5.2330       -1.4070        2.1250 
   7     N        4.1540       -2.1090        2.5930 
   8     O        6.2950       -1.4820        2.6940 
   6    C1        2.8780       -2.0180        1.9100 
   6    C2        1.8550       -2.8880        2.6270 
   6    C3        0.5150       -2.7930        1.9100 
   6    C4        0.0400       -1.3460        1.9100 
   6    C5       -1.3000       -1.2510        1.1920 
   6    C6       -1.7760        0.1960        1.1920 
   7    N1       -3.0520        0.2860        0.5090 
   6    C7       -3.6770        1.4970        0.3840 
   7    N2       -4.8810        1.5830       -0.2610 
   6    C8       -4.9200        1.8060       -1.5860 
   7    N3       -3.7170        1.9370       -2.2170 
   6    C9       -3.6570        2.1650       -3.5580 
   6   C10       -4.7900        2.2610       -4.2600 
   6   C11       -6.1270        2.1200       -3.5810 
   7    N4       -6.0870        1.8740       -2.1230 
   8    O1       -3.1660        2.4910        0.8430 
   8    O2       -7.1680        2.2030       -4.1900 
   6   C12       -2.3320        2.3070       -4.2420 
   8    O3        5.1090       -0.6380        1.0370 
   6   C13        6.3340       -0.0210        0.7480 
   6   C14        6.1840        0.8520       -0.4910 
   1     H        4.2480       -2.6910        3.4160 
   1    H1        2.5320       -0.9610        1.9110 
   1    H2        2.9940       -2.3710        0.8600 
   1    H3        2.2010       -3.9460        2.6260 
   1    H4        1.7390       -2.5360        3.6770 
   1    H5       -0.2330       -3.4290        2.4350 
   1    H6        0.6300       -3.1460        0.8600 
   1    H7        0.7870       -0.7110        1.3840 
   1    H8       -0.0760       -0.9940        2.9590 
   1    H9       -2.0480       -1.8870        1.7180 
   1   H10       -1.1850       -1.6040        0.1430 
   1   H11       -1.0280        0.8310        0.6670 
   1   H12       -1.8910        0.5480        2.2420 
   1   H13       -3.4800       -0.5460        0.1240 
   1   H14       -5.7430        1.4780        0.2600 
   1   H15       -2.8280        1.8610       -1.6630 
   1   H16       -4.7460        2.4460       -5.3430 
   1   H17       -2.4920        2.4880       -5.3280 
   1   H18       -1.7780        3.1660       -3.8010 
   1   H19       -1.7420        1.3730       -4.1040 
   1   H20        6.6440        0.6110        1.6100 
   1   H21        7.1070       -0.8000        0.5610 
   1   H22        7.1560        1.3420       -0.7210 
   1   H23        5.8740        0.2210       -1.3540 
   1   H24        5.4110        1.6310       -0.3040 

