Run semi-empirical minimization
 &qmmm
    qm_theory='AM1', grms_tol=0.0005,
 scfconv=1.d-10, ndiis_attempts=700,   qmcharge=0,
 /
   8     O        3.5970        0.3350        0.0420 
   6     C        4.7730       -0.4800       -0.0430 
   6    C1        5.9600        0.4740        0.0580 
   8    O1        7.1570       -0.3120       -0.0250 
   6    C2        8.3510        0.4780        0.0580 
   6    C3        9.5320       -0.4820       -0.0430 
   8    O2       10.7270        0.3090        0.0400 
   6    C4       11.9230       -0.4780       -0.0420 
   6    C5       13.1100        0.4770        0.0580 
   8    O3       14.2860       -0.3380       -0.0290 
   6    C6       15.5180        0.3920        0.0460 
   6    C7       16.6270       -0.6520       -0.0650 
   1     H        4.7890       -1.1960        0.7840 
   1    H1        4.7900       -1.0090       -1.0010 
   1    H2        5.9360        1.1930       -0.7670 
   1    H3        5.9350        1.0050        1.0140 
   1    H4        8.3770        1.1960       -0.7670 
   1    H5        8.3770        1.0080        1.0150 
   1    H6        9.5060       -1.1990        0.7830 
   1    H7        9.5060       -1.0120       -0.9990 
   1    H8       11.9480       -1.1950        0.7830 
   1    H9       11.9480       -1.0090       -0.9980 
   1   H10       13.0940        1.1940       -0.7690 
   1   H11       13.0950        1.0060        1.0150 
   1   H12       15.5780        1.1050       -0.7810 
   1   H13       15.5810        0.9170        1.0040 
   6    C8        2.3650       -0.3940       -0.0360 
   6    C9        1.2570        0.6500        0.0720 
   1   H14        2.3030       -1.1070        0.7910 
   1   H15        2.3050       -0.9190       -0.9940 
   8    O4        0.0000        0.0000        0.0000 
   1   H16        1.3450        1.3690       -0.7480 
   1   H17        1.3410        1.1820        1.0240 
   1   H18       -0.6550        0.7080        0.0710 
   8    O5       17.8830       -0.0000       -0.0000 
   1   H19       16.5390       -1.1840       -1.0160 
   1   H20       16.5430       -1.3690        0.7560 
   1   H21       18.5380       -0.7070       -0.0770 

