Run semi-empirical minimization
 &qmmm
    qm_theory='AM1', grms_tol=0.0005,
 scfconv=1.d-10, ndiis_attempts=700,   qmcharge=-1,
 /
   6     C       -4.7250        0.4540       -3.7860 
   6    C1       -3.6220       -0.5440       -3.4000 
   1     H       -4.2990        1.3410       -4.2670 
   1    H1       -5.2890        0.7830       -2.9050 
   1    H2       -5.4380        0.0160       -4.4920 
   6    C2       -2.5400        0.2030       -2.6110 
   1    H3       -2.1340        1.0330       -3.2010 
   1    H4       -1.7040       -0.4580       -2.3580 
   1    H5       -2.9380        0.6270       -1.6810 
   6    C3       -4.2140       -1.7660       -2.7010 
   1    H6       -3.1470       -0.9040       -4.3230 
   6    C4       -5.1320       -2.5720       -3.4010 
   6    C5       -5.7520       -3.6650       -2.7900 
   6    C6       -5.4400       -3.9780       -1.4680 
   6    C7       -4.5100       -3.2140       -0.7600 
   6    C8       -3.8990       -2.1190       -1.3790 
  16     S       -6.2980       -5.2970       -0.6320 
   8     O       -7.3150       -5.7820       -1.5400 
   8    O1       -6.6300       -4.7840        0.6820 
   7     N       -5.0800       -6.4350       -0.5310 
  16    S1       -5.2750       -7.6350        0.6300 
   6    C9       -4.2530       -8.9350       -0.1260 
   9     F       -2.9610       -8.5320       -0.3060 
   9    F1       -4.7080       -9.2970       -1.3610 
   9    F2       -4.2040      -10.0740        0.6210 
   8    O2       -4.6360       -7.1720        1.8530 
   8    O3       -6.6600       -8.0730        0.6540 
   1    H7       -4.2720       -3.4410        0.2770 
   1    H8       -3.1910       -1.5360       -0.7940 
   1    H9       -5.3930       -2.3360       -4.4320 
   1   H10       -6.4890       -4.2400       -3.3480 

