Run semi-empirical minimization
 &qmmm
    qm_theory='AM1', grms_tol=0.0005,
 scfconv=1.d-10, ndiis_attempts=700,   qmcharge=0,
 /
   8     O        0.9100        0.0510       -0.0600 
   6     C        0.4620        0.8010        1.0570 
   6    C1        1.0490        0.2340        2.3450 
   6    C2        2.5810        0.3060        2.3550 
   6    C3        3.0760        1.7490        2.2080 
   6    C4        2.5790        2.6210        3.3660 
   6    C5        3.1050        2.0910        4.7040 
   6    C6        4.6370        2.1040        4.7200 
   6    C7        5.1630        3.5310        4.5350 
   6    C8        4.6660        4.4390        5.6650 
   6    C9        5.1610        3.9430        7.0270 
   6   C10        6.6920        3.9350        7.0990 
   6   C11        7.2800        5.3220        6.8670 
   8    O1        6.8320        6.2210        7.8670 
   1     H        1.8870        0.1170       -0.0930 
   1    H1        0.7270        1.8520        0.9050 
   1    H2       -0.6300        0.7540        1.0860 
   1    H3        0.6300        0.7710        3.2050 
   1    H4        0.7500       -0.8110        2.4660 
   1    H5        2.9570       -0.1460        3.2800 
   1    H6        3.0080       -0.3110        1.5600 
   1    H7        4.1690        1.7540        2.1450 
   1    H8        2.7610        2.1870        1.2570 
   1    H9        2.8820        3.6600        3.1970 
   1   H10        1.4870        2.6720        3.3940 
   1   H11        2.6860        2.6830        5.5230 
   1   H12        2.7430        1.0800        4.9090 
   1   H13        4.9990        1.6570        5.6510 
   1   H14        5.0560        1.4550        3.9450 
   1   H15        6.2550        3.5160        4.4780 
   1   H16        4.8600        3.9490        3.5700 
   1   H17        4.9810        5.4690        5.4740 
   1   H18        3.5730        4.5010        5.6760 
   1   H19        4.7340        4.5620        7.8210 
   1   H20        4.7850        2.9350        7.2390 
   1   H21        6.9920        3.5600        8.0830 
   1   H22        7.1110        3.2330        6.3680 
   1   H23        8.3710        5.2830        6.9040 
   1   H24        7.0150        5.7280        5.8850 
   1   H25        5.8550        6.2690        7.8120 

