Run semi-empirical minimization
 &qmmm
    qm_theory='AM1', grms_tol=0.0005,
 scfconv=1.d-10, ndiis_attempts=700,   qmcharge=0,
 /
   8     O        1.8920        0.3230        3.2830 
   6     C        2.0980        1.2940        4.3140 
   6    C1        3.3080        0.9000        5.1850 
   1     H        1.2010        1.3470        4.9370 
   1    H1        2.2690        2.2740        3.8600 
   6    C2        3.5420        1.9310        6.3070 
   1    H2        4.2020        0.8320        4.5610 
   1    H3        3.1370       -0.0850        5.6270 
   8    O1        4.7310        1.5570        7.0460 
   1    H4        2.6870        1.9530        6.9880 
   1    H5        3.6920        2.9250        5.8750 
   6    C3        5.1550        2.3550        8.0490 
   8    O2        6.3290        1.9020        8.5380 
   6    C4        7.0390        2.7020        9.5180 
   6    C5        8.4090        2.0470        9.7910 
   1    H6        6.4550        2.7710       10.4410 
   1    H7        7.1840        3.7030        9.1030 
   6    C6        9.4010        3.0470       10.4190 
   8    O3        9.0530        3.3400       11.8000 
   6    C7        9.6460        2.6600       12.8060 
   8    O4        9.3430        3.2300       13.9920 
   6    C8       10.0900        2.8310       15.1700 
   6    C9        9.5740        3.6170       16.3930 
   1    H8       11.1470        3.0570       15.0030 
   1    H9        9.9670        1.7560       15.3320 
   8    O5        4.6190        3.3970        8.3800 
   8    O6       10.4770        1.7830       12.6580 
   1   H10        2.6290        0.3680        2.6430 
   1   H11        8.8280        1.6980        8.8440 
   1   H12        8.2860        1.1720       10.4340 
   1   H13       10.4190        2.6510       10.3670 
   1   H14        9.3750        3.9830        9.8560 
   6   C10       10.4490        3.3480       17.6360 
   1   H15        8.5400        3.3300       16.5990 
   1   H16        9.5810        4.6870       16.1670 
   8    O7        9.9530        4.0910       18.7540 
   1   H17       11.4790        3.6520       17.4310 
   1   H18       10.4350        2.2810       17.8740 
   1   H19       10.5390        3.9490       19.5240 

