Run semi-empirical minimization
 &qmmm
    qm_theory='AM1', grms_tol=0.0005,
 scfconv=1.d-10, ndiis_attempts=700,   qmcharge=0,
 /
   6     C       -1.4340        1.9580       -0.0000 
   6    C1        3.9680       -7.1380       -0.0000 
   6    C2       -0.1150        1.1970       -0.0000 
   6    C3        3.7610       -8.6470       -0.0000 
   6    C4       -2.4240        3.9800       -0.0000 
   8     O        2.7220       -6.4950       -0.0000 
   6    C5       -2.2180        5.4890       -0.0000 
   6    C6       -3.2080        7.5100       -0.0000 
   6    C7       -4.5270        8.2720       -0.0000 
   8    O1       -1.1790        3.3370       -0.0000 
   8    O2       -3.4640        6.1320       -0.0000 
   6    C8        0.8750       -0.8250       -0.0000 
   6    C9        0.6690       -2.3340       -0.0000 
   8    O3       -0.3710       -0.1820       -0.0000 
   6   C10        1.6590       -4.3550       -0.0000 
   8    O4        1.9140       -2.9770       -0.0000 
   6   C11        2.9780       -5.1170       -0.0000 
   1     H       -2.0170        1.6900       -0.9090 
   1    H1       -2.0180        1.6890        0.9090 
   1    H2        4.5380       -6.8420        0.9090 
   1    H3        4.5380       -6.8420       -0.9090 
   1    H4        0.4680        1.4660        0.9090 
   1    H5        0.4680        1.4660       -0.9090 
   1    H6        4.7500       -9.1570       -0.0000 
   1    H7        3.1920       -8.9430       -0.9090 
   1    H8        3.1910       -8.9430        0.9090 
   1    H9       -2.9940        3.6840        0.9090 
   1   H10       -2.9950        3.6840       -0.9090 
   1   H11       -1.6480        5.7850       -0.9090 
   1   H12       -1.6480        5.7850        0.9090 
   1   H13       -2.6250        7.7790       -0.9090 
   1   H14       -2.6250        7.7790        0.9090 
   1   H15       -4.3240        9.3660       -0.0000 
   1   H16       -5.1100        8.0030        0.9090 
   1   H17       -5.1110        8.0030       -0.9090 
   1   H18        1.4450       -0.5290        0.9090 
   1   H19        1.4450       -0.5280       -0.9090 
   1   H20        0.0990       -2.6290       -0.9090 
   1   H21        0.0980       -2.6300        0.9090 
   1   H22        1.0760       -4.6240        0.9090 
   1   H23        1.0750       -4.6240       -0.9090 
   1   H24        3.5610       -4.8480        0.9090 
   1   H25        3.5610       -4.8480       -0.9090 

